4
1
3
V 1
18
torch.DoubleTensor
2
50 50
100 1
26
4
2
3
V 1
19
torch.DoubleStorage
5000
-6.2142734218137575e-26 -7.1988078603921763e-24 -6.8196776447610079e-22 -5.2813000360616899e-20 -3.342005686134893e-18 -1.7272203103156898e-16 -7.286335308574033e-15 -2.5072058960938019e-13 -7.0311661158438853e-12 -1.6053816427886318e-10 -2.9805305411363631e-09 -4.4924095908915791e-08 -5.485790409820839e-07 -5.4123173543760732e-06 -4.2981120263487212e-05 -0.0002732631773924944 -0.0013795662078085287 -0.0054568698668879308 -0.016501001394471852 -0.036138299526235949 -0.048406366780454083 -0.0010946000607329415 0.17874535754865167 0.50447464424019295 0.84909126242719901 1 0.84909126242719901 0.50447464424019428 0.17874535754865259 -0.0010946000607329415 -0.048406366780454069 -0.036138299526236019 -0.016501001394471852 -0.0054568698668879308 -0.0013795662078085287 -0.0002732631773924944 -4.2981120263486995e-05 -5.4123173543761172e-06 -5.485790409820894e-07 -4.4924095908916089e-08 -2.9805305411363834e-09 -1.6053816427886318e-10 -7.0311661158438853e-12 -2.5072058960938019e-13 -7.2863353085742334e-15 -1.7272203103157137e-16 -3.3420056861349157e-18 -5.2813000360617621e-20 -6.8196776447610079e-22 -7.1988078603921763e-24 -6.2142734218137575e-26 0 0 0 0 0 0 0 0 0 0 0 0 0 0 0 0 0 0 0 0 0 0 0 0 0 0 0 0 0 0 0 0 0 0 0 0 0 0 0 0 0 0 0 0 0 0 0 0 0 0 -6.2142734218137575e-26 -7.1988078603921763e-24 -6.8196776447610079e-22 -5.2813000360616899e-20 -3.342005686134893e-18 -1.7272203103156898e-16 -7.286335308574033e-15 -2.5072058960938019e-13 -7.0311661158438853e-12 -1.6053816427886318e-10 -2.9805305411363631e-09 -4.4924095908915791e-08 -5.485790409820839e-07 -5.4123173543760732e-06 -4.2981120263487212e-05 -0.0002732631773924944 -0.0013795662078085287 -0.0054568698668879308 -0.016501001394471852 -0.036138299526235949 -0.048406366780454083 -0.0010946000607329415 0.17874535754865167 0.50447464424019295 0.84909126242719901 1 0.84909126242719901 0.50447464424019428 0.17874535754865259 -0.0010946000607329415 -0.048406366780454069 -0.036138299526236019 -0.016501001394471852 -0.0054568698668879308 -0.0013795662078085287 -0.0002732631773924944 -4.2981120263486995e-05 -5.4123173543761172e-06 -5.485790409820894e-07 -4.4924095908916089e-08 -2.9805305411363834e-09 -1.6053816427886318e-10 -7.0311661158438853e-12 -2.5072058960938019e-13 -7.2863353085742334e-15 -1.7272203103157137e-16 -3.3420056861349157e-18 -5.2813000360617621e-20 -6.8196776447610079e-22 -7.1988078603921763e-24 -6.2142734218137575e-26 0 0 0 0 0 0 0 0 0 0 0 0 0 0 0 0 0 0 0 0 0 0 0 0 0 0 0 0 0 0 0 0 0 0 0 0 0 0 0 0 0 0 0 0 0 0 0 0 0 0 -6.2142734218137575e-26 -7.1988078603921763e-24 -6.8196776447610079e-22 -5.2813000360616899e-20 -3.342005686134893e-18 -1.7272203103156898e-16 -7.286335308574033e-15 -2.5072058960938019e-13 -7.0311661158438853e-12 -1.6053816427886318e-10 -2.9805305411363631e-09 -4.4924095908915791e-08 -5.485790409820839e-07 -5.4123173543760732e-06 -4.2981120263487212e-05 -0.0002732631773924944 -0.0013795662078085287 -0.0054568698668879308 -0.016501001394471852 -0.036138299526235949 -0.048406366780454083 -0.0010946000607329415 0.17874535754865167 0.50447464424019295 0.84909126242719901 1 0.84909126242719901 0.50447464424019428 0.17874535754865259 -0.0010946000607329415 -0.048406366780454069 -0.036138299526236019 -0.016501001394471852 -0.0054568698668879308 -0.0013795662078085287 -0.0002732631773924944 -4.2981120263486995e-05 -5.4123173543761172e-06 -5.485790409820894e-07 -4.4924095908916089e-08 -2.9805305411363834e-09 -1.6053816427886318e-10 -7.0311661158438853e-12 -2.5072058960938019e-13 -7.2863353085742334e-15 -1.7272203103157137e-16 -3.3420056861349157e-18 -5.2813000360617621e-20 -6.8196776447610079e-22 -7.1988078603921763e-24 -6.2142734218137575e-26 0 0 0 0 0 0 0 0 0 0 0 0 0 0 0 0 0 0 0 0 0 0 0 0 0 0 0 0 0 0 0 0 0 0 0 0 0 0 0 0 0 0 0 0 0 0 0 0 0 0 -6.2142734218137575e-26 -7.1988078603921763e-24 -6.8196776447610079e-22 -5.2813000360616899e-20 -3.342005686134893e-18 -1.7272203103156898e-16 -7.286335308574033e-15 -2.5072058960938019e-13 -7.0311661158438853e-12 -1.6053816427886318e-10 -2.9805305411363631e-09 -4.4924095908915791e-08 -5.485790409820839e-07 -5.4123173543760732e-06 -4.2981120263487212e-05 -0.0002732631773924944 -0.0013795662078085287 -0.0054568698668879308 -0.016501001394471852 -0.036138299526235949 -0.048406366780454083 -0.0010946000607329415 0.17874535754865167 0.50447464424019295 0.84909126242719901 1 0.84909126242719901 0.50447464424019428 0.17874535754865259 -0.0010946000607329415 -0.048406366780454069 -0.036138299526236019 -0.016501001394471852 -0.0054568698668879308 -0.0013795662078085287 -0.0002732631773924944 -4.2981120263486995e-05 -5.4123173543761172e-06 -5.485790409820894e-07 -4.4924095908916089e-08 -2.9805305411363834e-09 -1.6053816427886318e-10 -7.0311661158438853e-12 -2.5072058960938019e-13 -7.2863353085742334e-15 -1.7272203103157137e-16 -3.3420056861349157e-18 -5.2813000360617621e-20 -6.8196776447610079e-22 -7.1988078603921763e-24 -6.2142734218137575e-26 0 0 0 0 0 0 0 0 0 0 0 0 0 0 0 0 0 0 0 0 0 0 0 0 0 0 0 0 0 0 0 0 0 0 0 0 0 0 0 0 0 0 0 0 0 0 0 0 0 0 -6.2142734218137575e-26 -7.1988078603921763e-24 -6.8196776447610079e-22 -5.2813000360616899e-20 -3.342005686134893e-18 -1.7272203103156898e-16 -7.286335308574033e-15 -2.5072058960938019e-13 -7.0311661158438853e-12 -1.6053816427886318e-10 -2.9805305411363631e-09 -4.4924095908915791e-08 -5.485790409820839e-07 -5.4123173543760732e-06 -4.2981120263487212e-05 -0.0002732631773924944 -0.0013795662078085287 -0.0054568698668879308 -0.016501001394471852 -0.036138299526235949 -0.048406366780454083 -0.0010946000607329415 0.17874535754865167 0.50447464424019295 0.84909126242719901 1 0.84909126242719901 0.50447464424019428 0.17874535754865259 -0.0010946000607329415 -0.048406366780454069 -0.036138299526236019 -0.016501001394471852 -0.0054568698668879308 -0.0013795662078085287 -0.0002732631773924944 -4.2981120263486995e-05 -5.4123173543761172e-06 -5.485790409820894e-07 -4.4924095908916089e-08 -2.9805305411363834e-09 -1.6053816427886318e-10 -7.0311661158438853e-12 -2.5072058960938019e-13 -7.2863353085742334e-15 -1.7272203103157137e-16 -3.3420056861349157e-18 -5.2813000360617621e-20 -6.8196776447610079e-22 -7.1988078603921763e-24 -6.2142734218137575e-26 0 0 0 0 0 0 0 0 0 0 0 0 0 0 0 0 0 0 0 0 0 0 0 0 0 0 0 0 0 0 0 0 0 0 0 0 0 0 0 0 0 0 0 0 0 0 0 0 0 0 -6.2142734218137575e-26 -7.1988078603921763e-24 -6.8196776447610079e-22 -5.2813000360616899e-20 -3.342005686134893e-18 -1.7272203103156898e-16 -7.286335308574033e-15 -2.5072058960938019e-13 -7.0311661158438853e-12 -1.6053816427886318e-10 -2.9805305411363631e-09 -4.4924095908915791e-08 -5.485790409820839e-07 -5.4123173543760732e-06 -4.2981120263487212e-05 -0.0002732631773924944 -0.0013795662078085287 -0.0054568698668879308 -0.016501001394471852 -0.036138299526235949 -0.048406366780454083 -0.0010946000607329415 0.17874535754865167 0.50447464424019295 0.84909126242719901 1 0.84909126242719901 0.50447464424019428 0.17874535754865259 -0.0010946000607329415 -0.048406366780454069 -0.036138299526236019 -0.016501001394471852 -0.0054568698668879308 -0.0013795662078085287 -0.0002732631773924944 -4.2981120263486995e-05 -5.4123173543761172e-06 -5.485790409820894e-07 -4.4924095908916089e-08 -2.9805305411363834e-09 -1.6053816427886318e-10 -7.0311661158438853e-12 -2.5072058960938019e-13 -7.2863353085742334e-15 -1.7272203103157137e-16 -3.3420056861349157e-18 -5.2813000360617621e-20 -6.8196776447610079e-22 -7.1988078603921763e-24 -6.2142734218137575e-26 0 0 0 0 0 0 0 0 0 0 0 0 0 0 0 0 0 0 0 0 0 0 0 0 0 0 0 0 0 0 0 0 0 0 0 0 0 0 0 0 0 0 0 0 0 0 0 0 0 0 -6.2142734218137575e-26 -7.1988078603921763e-24 -6.8196776447610079e-22 -5.2813000360616899e-20 -3.342005686134893e-18 -1.7272203103156898e-16 -7.286335308574033e-15 -2.5072058960938019e-13 -7.0311661158438853e-12 -1.6053816427886318e-10 -2.9805305411363631e-09 -4.4924095908915791e-08 -5.485790409820839e-07 -5.4123173543760732e-06 -4.2981120263487212e-05 -0.0002732631773924944 -0.0013795662078085287 -0.0054568698668879308 -0.016501001394471852 -0.036138299526235949 -0.048406366780454083 -0.0010946000607329415 0.17874535754865167 0.50447464424019295 0.84909126242719901 1 0.84909126242719901 0.50447464424019428 0.17874535754865259 -0.0010946000607329415 -0.048406366780454069 -0.036138299526236019 -0.016501001394471852 -0.0054568698668879308 -0.0013795662078085287 -0.0002732631773924944 -4.2981120263486995e-05 -5.4123173543761172e-06 -5.485790409820894e-07 -4.4924095908916089e-08 -2.9805305411363834e-09 -1.6053816427886318e-10 -7.0311661158438853e-12 -2.5072058960938019e-13 -7.2863353085742334e-15 -1.7272203103157137e-16 -3.3420056861349157e-18 -5.2813000360617621e-20 -6.8196776447610079e-22 -7.1988078603921763e-24 -6.2142734218137575e-26 0 0 0 0 0 0 0 0 0 0 0 0 0 0 0 0 0 0 0 0 0 0 0 0 0 0 0 0 0 0 0 0 0 0 0 0 0 0 0 0 0 0 0 0 0 0 0 0 0 0 -6.2142734218137575e-26 -7.1988078603921763e-24 -6.8196776447610079e-22 -5.2813000360616899e-20 -3.342005686134893e-18 -1.7272203103156898e-16 -7.286335308574033e-15 -2.5072058960938019e-13 -7.0311661158438853e-12 -1.6053816427886318e-10 -2.9805305411363631e-09 -4.4924095908915791e-08 -5.485790409820839e-07 -5.4123173543760732e-06 -4.2981120263487212e-05 -0.0002732631773924944 -0.0013795662078085287 -0.0054568698668879308 -0.016501001394471852 -0.036138299526235949 -0.048406366780454083 -0.0010946000607329415 0.17874535754865167 0.50447464424019295 0.84909126242719901 1 0.84909126242719901 0.50447464424019428 0.17874535754865259 -0.0010946000607329415 -0.048406366780454069 -0.036138299526236019 -0.016501001394471852 -0.0054568698668879308 -0.0013795662078085287 -0.0002732631773924944 -4.2981120263486995e-05 -5.4123173543761172e-06 -5.485790409820894e-07 -4.4924095908916089e-08 -2.9805305411363834e-09 -1.6053816427886318e-10 -7.0311661158438853e-12 -2.5072058960938019e-13 -7.2863353085742334e-15 -1.7272203103157137e-16 -3.3420056861349157e-18 -5.2813000360617621e-20 -6.8196776447610079e-22 -7.1988078603921763e-24 -6.2142734218137575e-26 0 0 0 0 0 0 0 0 0 0 0 0 0 0 0 0 0 0 0 0 0 0 0 0 0 0 0 0 0 0 0 0 0 0 0 0 0 0 0 0 0 0 0 0 0 0 0 0 0 0 -6.2142734218137575e-26 -7.1988078603921763e-24 -6.8196776447610079e-22 -5.2813000360616899e-20 -3.342005686134893e-18 -1.7272203103156898e-16 -7.286335308574033e-15 -2.5072058960938019e-13 -7.0311661158438853e-12 -1.6053816427886318e-10 -2.9805305411363631e-09 -4.4924095908915791e-08 -5.485790409820839e-07 -5.4123173543760732e-06 -4.2981120263487212e-05 -0.0002732631773924944 -0.0013795662078085287 -0.0054568698668879308 -0.016501001394471852 -0.036138299526235949 -0.048406366780454083 -0.0010946000607329415 0.17874535754865167 0.50447464424019295 0.84909126242719901 1 0.84909126242719901 0.50447464424019428 0.17874535754865259 -0.0010946000607329415 -0.048406366780454069 -0.036138299526236019 -0.016501001394471852 -0.0054568698668879308 -0.0013795662078085287 -0.0002732631773924944 -4.2981120263486995e-05 -5.4123173543761172e-06 -5.485790409820894e-07 -4.4924095908916089e-08 -2.9805305411363834e-09 -1.6053816427886318e-10 -7.0311661158438853e-12 -2.5072058960938019e-13 -7.2863353085742334e-15 -1.7272203103157137e-16 -3.3420056861349157e-18 -5.2813000360617621e-20 -6.8196776447610079e-22 -7.1988078603921763e-24 -6.2142734218137575e-26 0 0 0 0 0 0 0 0 0 0 0 0 0 0 0 0 0 0 0 0 0 0 0 0 0 0 0 0 0 0 0 0 0 0 0 0 0 0 0 0 0 0 0 0 0 0 0 0 0 0 -6.2142734218137575e-26 -7.1988078603921763e-24 -6.8196776447610079e-22 -5.2813000360616899e-20 -3.342005686134893e-18 -1.7272203103156898e-16 -7.286335308574033e-15 -2.5072058960938019e-13 -7.0311661158438853e-12 -1.6053816427886318e-10 -2.9805305411363631e-09 -4.4924095908915791e-08 -5.485790409820839e-07 -5.4123173543760732e-06 -4.2981120263487212e-05 -0.0002732631773924944 -0.0013795662078085287 -0.0054568698668879308 -0.016501001394471852 -0.036138299526235949 -0.048406366780454083 -0.0010946000607329415 0.17874535754865167 0.50447464424019295 0.84909126242719901 1 0.84909126242719901 0.50447464424019428 0.17874535754865259 -0.0010946000607329415 -0.048406366780454069 -0.036138299526236019 -0.016501001394471852 -0.0054568698668879308 -0.0013795662078085287 -0.0002732631773924944 -4.2981120263486995e-05 -5.4123173543761172e-06 -5.485790409820894e-07 -4.4924095908916089e-08 -2.9805305411363834e-09 -1.6053816427886318e-10 -7.0311661158438853e-12 -2.5072058960938019e-13 -7.2863353085742334e-15 -1.7272203103157137e-16 -3.3420056861349157e-18 -5.2813000360617621e-20 -6.8196776447610079e-22 -7.1988078603921763e-24 -6.2142734218137575e-26 0 0 0 0 0 0 0 0 0 0 0 0 0 0 0 0 0 0 0 0 0 0 0 0 0 0 0 0 0 0 0 0 0 0 0 0 0 0 0 0 0 0 0 0 0 0 0 0 0 0 -6.2142734218137575e-26 -7.1988078603921763e-24 -6.8196776447610079e-22 -5.2813000360616899e-20 -3.342005686134893e-18 -1.7272203103156898e-16 -7.286335308574033e-15 -2.5072058960938019e-13 -7.0311661158438853e-12 -1.6053816427886318e-10 -2.9805305411363631e-09 -4.4924095908915791e-08 -5.485790409820839e-07 -5.4123173543760732e-06 -4.2981120263487212e-05 -0.0002732631773924944 -0.0013795662078085287 -0.0054568698668879308 -0.016501001394471852 -0.036138299526235949 -0.048406366780454083 -0.0010946000607329415 0.17874535754865167 0.50447464424019295 0.84909126242719901 1 0.84909126242719901 0.50447464424019428 0.17874535754865259 -0.0010946000607329415 -0.048406366780454069 -0.036138299526236019 -0.016501001394471852 -0.0054568698668879308 -0.0013795662078085287 -0.0002732631773924944 -4.2981120263486995e-05 -5.4123173543761172e-06 -5.485790409820894e-07 -4.4924095908916089e-08 -2.9805305411363834e-09 -1.6053816427886318e-10 -7.0311661158438853e-12 -2.5072058960938019e-13 -7.2863353085742334e-15 -1.7272203103157137e-16 -3.3420056861349157e-18 -5.2813000360617621e-20 -6.8196776447610079e-22 -7.1988078603921763e-24 -6.2142734218137575e-26 0 0 0 0 0 0 0 0 0 0 0 0 0 0 0 0 0 0 0 0 0 0 0 0 0 0 0 0 0 0 0 0 0 0 0 0 0 0 0 0 0 0 0 0 0 0 0 0 0 0 -6.2142734218137575e-26 -7.1988078603921763e-24 -6.8196776447610079e-22 -5.2813000360616899e-20 -3.342005686134893e-18 -1.7272203103156898e-16 -7.286335308574033e-15 -2.5072058960938019e-13 -7.0311661158438853e-12 -1.6053816427886318e-10 -2.9805305411363631e-09 -4.4924095908915791e-08 -5.485790409820839e-07 -5.4123173543760732e-06 -4.2981120263487212e-05 -0.0002732631773924944 -0.0013795662078085287 -0.0054568698668879308 -0.016501001394471852 -0.036138299526235949 -0.048406366780454083 -0.0010946000607329415 0.17874535754865167 0.50447464424019295 0.84909126242719901 1 0.84909126242719901 0.50447464424019428 0.17874535754865259 -0.0010946000607329415 -0.048406366780454069 -0.036138299526236019 -0.016501001394471852 -0.0054568698668879308 -0.0013795662078085287 -0.0002732631773924944 -4.2981120263486995e-05 -5.4123173543761172e-06 -5.485790409820894e-07 -4.4924095908916089e-08 -2.9805305411363834e-09 -1.6053816427886318e-10 -7.0311661158438853e-12 -2.5072058960938019e-13 -7.2863353085742334e-15 -1.7272203103157137e-16 -3.3420056861349157e-18 -5.2813000360617621e-20 -6.8196776447610079e-22 -7.1988078603921763e-24 -6.2142734218137575e-26 0 0 0 0 0 0 0 0 0 0 0 0 0 0 0 0 0 0 0 0 0 0 0 0 0 0 0 0 0 0 0 0 0 0 0 0 0 0 0 0 0 0 0 0 0 0 0 0 0 0 -6.2142734218137575e-26 -7.1988078603921763e-24 -6.8196776447610079e-22 -5.2813000360616899e-20 -3.342005686134893e-18 -1.7272203103156898e-16 -7.286335308574033e-15 -2.5072058960938019e-13 -7.0311661158438853e-12 -1.6053816427886318e-10 -2.9805305411363631e-09 -4.4924095908915791e-08 -5.485790409820839e-07 -5.4123173543760732e-06 -4.2981120263487212e-05 -0.0002732631773924944 -0.0013795662078085287 -0.0054568698668879308 -0.016501001394471852 -0.036138299526235949 -0.048406366780454083 -0.0010946000607329415 0.17874535754865167 0.50447464424019295 0.84909126242719901 1 0.84909126242719901 0.50447464424019428 0.17874535754865259 -0.0010946000607329415 -0.048406366780454069 -0.036138299526236019 -0.016501001394471852 -0.0054568698668879308 -0.0013795662078085287 -0.0002732631773924944 -4.2981120263486995e-05 -5.4123173543761172e-06 -5.485790409820894e-07 -4.4924095908916089e-08 -2.9805305411363834e-09 -1.6053816427886318e-10 -7.0311661158438853e-12 -2.5072058960938019e-13 -7.2863353085742334e-15 -1.7272203103157137e-16 -3.3420056861349157e-18 -5.2813000360617621e-20 -6.8196776447610079e-22 -7.1988078603921763e-24 -6.2142734218137575e-26 0 0 0 0 0 0 0 0 0 0 0 0 0 0 0 0 0 0 0 0 0 0 0 0 0 0 0 0 0 0 0 0 0 0 0 0 0 0 0 0 0 0 0 0 0 0 0 0 0 0 -6.2142734218137575e-26 -7.1988078603921763e-24 -6.8196776447610079e-22 -5.2813000360616899e-20 -3.342005686134893e-18 -1.7272203103156898e-16 -7.286335308574033e-15 -2.5072058960938019e-13 -7.0311661158438853e-12 -1.6053816427886318e-10 -2.9805305411363631e-09 -4.4924095908915791e-08 -5.485790409820839e-07 -5.4123173543760732e-06 -4.2981120263487212e-05 -0.0002732631773924944 -0.0013795662078085287 -0.0054568698668879308 -0.016501001394471852 -0.036138299526235949 -0.048406366780454083 -0.0010946000607329415 0.17874535754865167 0.50447464424019295 0.84909126242719901 1 0.84909126242719901 0.50447464424019428 0.17874535754865259 -0.0010946000607329415 -0.048406366780454069 -0.036138299526236019 -0.016501001394471852 -0.0054568698668879308 -0.0013795662078085287 -0.0002732631773924944 -4.2981120263486995e-05 -5.4123173543761172e-06 -5.485790409820894e-07 -4.4924095908916089e-08 -2.9805305411363834e-09 -1.6053816427886318e-10 -7.0311661158438853e-12 -2.5072058960938019e-13 -7.2863353085742334e-15 -1.7272203103157137e-16 -3.3420056861349157e-18 -5.2813000360617621e-20 -6.8196776447610079e-22 -7.1988078603921763e-24 -6.2142734218137575e-26 0 0 0 0 0 0 0 0 0 0 0 0 0 0 0 0 0 0 0 0 0 0 0 0 0 0 0 0 0 0 0 0 0 0 0 0 0 0 0 0 0 0 0 0 0 0 0 0 0 0 -6.2142734218137575e-26 -7.1988078603921763e-24 -6.8196776447610079e-22 -5.2813000360616899e-20 -3.342005686134893e-18 -1.7272203103156898e-16 -7.286335308574033e-15 -2.5072058960938019e-13 -7.0311661158438853e-12 -1.6053816427886318e-10 -2.9805305411363631e-09 -4.4924095908915791e-08 -5.485790409820839e-07 -5.4123173543760732e-06 -4.2981120263487212e-05 -0.0002732631773924944 -0.0013795662078085287 -0.0054568698668879308 -0.016501001394471852 -0.036138299526235949 -0.048406366780454083 -0.0010946000607329415 0.17874535754865167 0.50447464424019295 0.84909126242719901 1 0.84909126242719901 0.50447464424019428 0.17874535754865259 -0.0010946000607329415 -0.048406366780454069 -0.036138299526236019 -0.016501001394471852 -0.0054568698668879308 -0.0013795662078085287 -0.0002732631773924944 -4.2981120263486995e-05 -5.4123173543761172e-06 -5.485790409820894e-07 -4.4924095908916089e-08 -2.9805305411363834e-09 -1.6053816427886318e-10 -7.0311661158438853e-12 -2.5072058960938019e-13 -7.2863353085742334e-15 -1.7272203103157137e-16 -3.3420056861349157e-18 -5.2813000360617621e-20 -6.8196776447610079e-22 -7.1988078603921763e-24 -6.2142734218137575e-26 0 0 0 0 0 0 0 0 0 0 0 0 0 0 0 0 0 0 0 0 0 0 0 0 0 0 0 0 0 0 0 0 0 0 0 0 0 0 0 0 0 0 0 0 0 0 0 0 0 0 -6.2142734218137575e-26 -7.1988078603921763e-24 -6.8196776447610079e-22 -5.2813000360616899e-20 -3.342005686134893e-18 -1.7272203103156898e-16 -7.286335308574033e-15 -2.5072058960938019e-13 -7.0311661158438853e-12 -1.6053816427886318e-10 -2.9805305411363631e-09 -4.4924095908915791e-08 -5.485790409820839e-07 -5.4123173543760732e-06 -4.2981120263487212e-05 -0.0002732631773924944 -0.0013795662078085287 -0.0054568698668879308 -0.016501001394471852 -0.036138299526235949 -0.048406366780454083 -0.0010946000607329415 0.17874535754865167 0.50447464424019295 0.84909126242719901 1 0.84909126242719901 0.50447464424019428 0.17874535754865259 -0.0010946000607329415 -0.048406366780454069 -0.036138299526236019 -0.016501001394471852 -0.0054568698668879308 -0.0013795662078085287 -0.0002732631773924944 -4.2981120263486995e-05 -5.4123173543761172e-06 -5.485790409820894e-07 -4.4924095908916089e-08 -2.9805305411363834e-09 -1.6053816427886318e-10 -7.0311661158438853e-12 -2.5072058960938019e-13 -7.2863353085742334e-15 -1.7272203103157137e-16 -3.3420056861349157e-18 -5.2813000360617621e-20 -6.8196776447610079e-22 -7.1988078603921763e-24 -6.2142734218137575e-26 0 0 0 0 0 0 0 0 0 0 0 0 0 0 0 0 0 0 0 0 0 0 0 0 0 0 0 0 0 0 0 0 0 0 0 0 0 0 0 0 0 0 0 0 0 0 0 0 0 0 -6.2142734218137575e-26 -7.1988078603921763e-24 -6.8196776447610079e-22 -5.2813000360616899e-20 -3.342005686134893e-18 -1.7272203103156898e-16 -7.286335308574033e-15 -2.5072058960938019e-13 -7.0311661158438853e-12 -1.6053816427886318e-10 -2.9805305411363631e-09 -4.4924095908915791e-08 -5.485790409820839e-07 -5.4123173543760732e-06 -4.2981120263487212e-05 -0.0002732631773924944 -0.0013795662078085287 -0.0054568698668879308 -0.016501001394471852 -0.036138299526235949 -0.048406366780454083 -0.0010946000607329415 0.17874535754865167 0.50447464424019295 0.84909126242719901 1 0.84909126242719901 0.50447464424019428 0.17874535754865259 -0.0010946000607329415 -0.048406366780454069 -0.036138299526236019 -0.016501001394471852 -0.0054568698668879308 -0.0013795662078085287 -0.0002732631773924944 -4.2981120263486995e-05 -5.4123173543761172e-06 -5.485790409820894e-07 -4.4924095908916089e-08 -2.9805305411363834e-09 -1.6053816427886318e-10 -7.0311661158438853e-12 -2.5072058960938019e-13 -7.2863353085742334e-15 -1.7272203103157137e-16 -3.3420056861349157e-18 -5.2813000360617621e-20 -6.8196776447610079e-22 -7.1988078603921763e-24 -6.2142734218137575e-26 0 0 0 0 0 0 0 0 0 0 0 0 0 0 0 0 0 0 0 0 0 0 0 0 0 0 0 0 0 0 0 0 0 0 0 0 0 0 0 0 0 0 0 0 0 0 0 0 0 0 -6.2142734218137575e-26 -7.1988078603921763e-24 -6.8196776447610079e-22 -5.2813000360616899e-20 -3.342005686134893e-18 -1.7272203103156898e-16 -7.286335308574033e-15 -2.5072058960938019e-13 -7.0311661158438853e-12 -1.6053816427886318e-10 -2.9805305411363631e-09 -4.4924095908915791e-08 -5.485790409820839e-07 -5.4123173543760732e-06 -4.2981120263487212e-05 -0.0002732631773924944 -0.0013795662078085287 -0.0054568698668879308 -0.016501001394471852 -0.036138299526235949 -0.048406366780454083 -0.0010946000607329415 0.17874535754865167 0.50447464424019295 0.84909126242719901 1 0.84909126242719901 0.50447464424019428 0.17874535754865259 -0.0010946000607329415 -0.048406366780454069 -0.036138299526236019 -0.016501001394471852 -0.0054568698668879308 -0.0013795662078085287 -0.0002732631773924944 -4.2981120263486995e-05 -5.4123173543761172e-06 -5.485790409820894e-07 -4.4924095908916089e-08 -2.9805305411363834e-09 -1.6053816427886318e-10 -7.0311661158438853e-12 -2.5072058960938019e-13 -7.2863353085742334e-15 -1.7272203103157137e-16 -3.3420056861349157e-18 -5.2813000360617621e-20 -6.8196776447610079e-22 -7.1988078603921763e-24 -6.2142734218137575e-26 0 0 0 0 0 0 0 0 0 0 0 0 0 0 0 0 0 0 0 0 0 0 0 0 0 0 0 0 0 0 0 0 0 0 0 0 0 0 0 0 0 0 0 0 0 0 0 0 0 0 -6.2142734218137575e-26 -7.1988078603921763e-24 -6.8196776447610079e-22 -5.2813000360616899e-20 -3.342005686134893e-18 -1.7272203103156898e-16 -7.286335308574033e-15 -2.5072058960938019e-13 -7.0311661158438853e-12 -1.6053816427886318e-10 -2.9805305411363631e-09 -4.4924095908915791e-08 -5.485790409820839e-07 -5.4123173543760732e-06 -4.2981120263487212e-05 -0.0002732631773924944 -0.0013795662078085287 -0.0054568698668879308 -0.016501001394471852 -0.036138299526235949 -0.048406366780454083 -0.0010946000607329415 0.17874535754865167 0.50447464424019295 0.84909126242719901 1 0.84909126242719901 0.50447464424019428 0.17874535754865259 -0.0010946000607329415 -0.048406366780454069 -0.036138299526236019 -0.016501001394471852 -0.0054568698668879308 -0.0013795662078085287 -0.0002732631773924944 -4.2981120263486995e-05 -5.4123173543761172e-06 -5.485790409820894e-07 -4.4924095908916089e-08 -2.9805305411363834e-09 -1.6053816427886318e-10 -7.0311661158438853e-12 -2.5072058960938019e-13 -7.2863353085742334e-15 -1.7272203103157137e-16 -3.3420056861349157e-18 -5.2813000360617621e-20 -6.8196776447610079e-22 -7.1988078603921763e-24 -6.2142734218137575e-26 0 0 0 0 0 0 0 0 0 0 0 0 0 0 0 0 0 0 0 0 0 0 0 0 0 0 0 0 0 0 0 0 0 0 0 0 0 0 0 0 0 0 0 0 0 0 0 0 0 0 -6.2142734218137575e-26 -7.1988078603921763e-24 -6.8196776447610079e-22 -5.2813000360616899e-20 -3.342005686134893e-18 -1.7272203103156898e-16 -7.286335308574033e-15 -2.5072058960938019e-13 -7.0311661158438853e-12 -1.6053816427886318e-10 -2.9805305411363631e-09 -4.4924095908915791e-08 -5.485790409820839e-07 -5.4123173543760732e-06 -4.2981120263487212e-05 -0.0002732631773924944 -0.0013795662078085287 -0.0054568698668879308 -0.016501001394471852 -0.036138299526235949 -0.048406366780454083 -0.0010946000607329415 0.17874535754865167 0.50447464424019295 0.84909126242719901 1 0.84909126242719901 0.50447464424019428 0.17874535754865259 -0.0010946000607329415 -0.048406366780454069 -0.036138299526236019 -0.016501001394471852 -0.0054568698668879308 -0.0013795662078085287 -0.0002732631773924944 -4.2981120263486995e-05 -5.4123173543761172e-06 -5.485790409820894e-07 -4.4924095908916089e-08 -2.9805305411363834e-09 -1.6053816427886318e-10 -7.0311661158438853e-12 -2.5072058960938019e-13 -7.2863353085742334e-15 -1.7272203103157137e-16 -3.3420056861349157e-18 -5.2813000360617621e-20 -6.8196776447610079e-22 -7.1988078603921763e-24 -6.2142734218137575e-26 0 0 0 0 0 0 0 0 0 0 0 0 0 0 0 0 0 0 0 0 0 0 0 0 0 0 0 0 0 0 0 0 0 0 0 0 0 0 0 0 0 0 0 0 0 0 0 0 0 0 -6.2142734218137575e-26 -7.1988078603921763e-24 -6.8196776447610079e-22 -5.2813000360616899e-20 -3.342005686134893e-18 -1.7272203103156898e-16 -7.286335308574033e-15 -2.5072058960938019e-13 -7.0311661158438853e-12 -1.6053816427886318e-10 -2.9805305411363631e-09 -4.4924095908915791e-08 -5.485790409820839e-07 -5.4123173543760732e-06 -4.2981120263487212e-05 -0.0002732631773924944 -0.0013795662078085287 -0.0054568698668879308 -0.016501001394471852 -0.036138299526235949 -0.048406366780454083 -0.0010946000607329415 0.17874535754865167 0.50447464424019295 0.84909126242719901 1 0.84909126242719901 0.50447464424019428 0.17874535754865259 -0.0010946000607329415 -0.048406366780454069 -0.036138299526236019 -0.016501001394471852 -0.0054568698668879308 -0.0013795662078085287 -0.0002732631773924944 -4.2981120263486995e-05 -5.4123173543761172e-06 -5.485790409820894e-07 -4.4924095908916089e-08 -2.9805305411363834e-09 -1.6053816427886318e-10 -7.0311661158438853e-12 -2.5072058960938019e-13 -7.2863353085742334e-15 -1.7272203103157137e-16 -3.3420056861349157e-18 -5.2813000360617621e-20 -6.8196776447610079e-22 -7.1988078603921763e-24 -6.2142734218137575e-26 0 0 0 0 0 0 0 0 0 0 0 0 0 0 0 0 0 0 0 0 0 0 0 0 0 0 0 0 0 0 0 0 0 0 0 0 0 0 0 0 0 0 0 0 0 0 0 0 0 0 -6.2142734218137575e-26 -7.1988078603921763e-24 -6.8196776447610079e-22 -5.2813000360616899e-20 -3.342005686134893e-18 -1.7272203103156898e-16 -7.286335308574033e-15 -2.5072058960938019e-13 -7.0311661158438853e-12 -1.6053816427886318e-10 -2.9805305411363631e-09 -4.4924095908915791e-08 -5.485790409820839e-07 -5.4123173543760732e-06 -4.2981120263487212e-05 -0.0002732631773924944 -0.0013795662078085287 -0.0054568698668879308 -0.016501001394471852 -0.036138299526235949 -0.048406366780454083 -0.0010946000607329415 0.17874535754865167 0.50447464424019295 0.84909126242719901 1 0.84909126242719901 0.50447464424019428 0.17874535754865259 -0.0010946000607329415 -0.048406366780454069 -0.036138299526236019 -0.016501001394471852 -0.0054568698668879308 -0.0013795662078085287 -0.0002732631773924944 -4.2981120263486995e-05 -5.4123173543761172e-06 -5.485790409820894e-07 -4.4924095908916089e-08 -2.9805305411363834e-09 -1.6053816427886318e-10 -7.0311661158438853e-12 -2.5072058960938019e-13 -7.2863353085742334e-15 -1.7272203103157137e-16 -3.3420056861349157e-18 -5.2813000360617621e-20 -6.8196776447610079e-22 -7.1988078603921763e-24 -6.2142734218137575e-26 0 0 0 0 0 0 0 0 0 0 0 0 0 0 0 0 0 0 0 0 0 0 0 0 0 0 0 0 0 0 0 0 0 0 0 0 0 0 0 0 0 0 0 0 0 0 0 0 0 0 -6.2142734218137575e-26 -7.1988078603921763e-24 -6.8196776447610079e-22 -5.2813000360616899e-20 -3.342005686134893e-18 -1.7272203103156898e-16 -7.286335308574033e-15 -2.5072058960938019e-13 -7.0311661158438853e-12 -1.6053816427886318e-10 -2.9805305411363631e-09 -4.4924095908915791e-08 -5.485790409820839e-07 -5.4123173543760732e-06 -4.2981120263487212e-05 -0.0002732631773924944 -0.0013795662078085287 -0.0054568698668879308 -0.016501001394471852 -0.036138299526235949 -0.048406366780454083 -0.0010946000607329415 0.17874535754865167 0.50447464424019295 0.84909126242719901 1 0.84909126242719901 0.50447464424019428 0.17874535754865259 -0.0010946000607329415 -0.048406366780454069 -0.036138299526236019 -0.016501001394471852 -0.0054568698668879308 -0.0013795662078085287 -0.0002732631773924944 -4.2981120263486995e-05 -5.4123173543761172e-06 -5.485790409820894e-07 -4.4924095908916089e-08 -2.9805305411363834e-09 -1.6053816427886318e-10 -7.0311661158438853e-12 -2.5072058960938019e-13 -7.2863353085742334e-15 -1.7272203103157137e-16 -3.3420056861349157e-18 -5.2813000360617621e-20 -6.8196776447610079e-22 -7.1988078603921763e-24 -6.2142734218137575e-26 0 0 0 0 0 0 0 0 0 0 0 0 0 0 0 0 0 0 0 0 0 0 0 0 0 0 0 0 0 0 0 0 0 0 0 0 0 0 0 0 0 0 0 0 0 0 0 0 0 0 -6.2142734218137575e-26 -7.1988078603921763e-24 -6.8196776447610079e-22 -5.2813000360616899e-20 -3.342005686134893e-18 -1.7272203103156898e-16 -7.286335308574033e-15 -2.5072058960938019e-13 -7.0311661158438853e-12 -1.6053816427886318e-10 -2.9805305411363631e-09 -4.4924095908915791e-08 -5.485790409820839e-07 -5.4123173543760732e-06 -4.2981120263487212e-05 -0.0002732631773924944 -0.0013795662078085287 -0.0054568698668879308 -0.016501001394471852 -0.036138299526235949 -0.048406366780454083 -0.0010946000607329415 0.17874535754865167 0.50447464424019295 0.84909126242719901 1 0.84909126242719901 0.50447464424019428 0.17874535754865259 -0.0010946000607329415 -0.048406366780454069 -0.036138299526236019 -0.016501001394471852 -0.0054568698668879308 -0.0013795662078085287 -0.0002732631773924944 -4.2981120263486995e-05 -5.4123173543761172e-06 -5.485790409820894e-07 -4.4924095908916089e-08 -2.9805305411363834e-09 -1.6053816427886318e-10 -7.0311661158438853e-12 -2.5072058960938019e-13 -7.2863353085742334e-15 -1.7272203103157137e-16 -3.3420056861349157e-18 -5.2813000360617621e-20 -6.8196776447610079e-22 -7.1988078603921763e-24 -6.2142734218137575e-26 0 0 0 0 0 0 0 0 0 0 0 0 0 0 0 0 0 0 0 0 0 0 0 0 0 0 0 0 0 0 0 0 0 0 0 0 0 0 0 0 0 0 0 0 0 0 0 0 0 0 -6.2142734218137575e-26 -7.1988078603921763e-24 -6.8196776447610079e-22 -5.2813000360616899e-20 -3.342005686134893e-18 -1.7272203103156898e-16 -7.286335308574033e-15 -2.5072058960938019e-13 -7.0311661158438853e-12 -1.6053816427886318e-10 -2.9805305411363631e-09 -4.4924095908915791e-08 -5.485790409820839e-07 -5.4123173543760732e-06 -4.2981120263487212e-05 -0.0002732631773924944 -0.0013795662078085287 -0.0054568698668879308 -0.016501001394471852 -0.036138299526235949 -0.048406366780454083 -0.0010946000607329415 0.17874535754865167 0.50447464424019295 0.84909126242719901 1 0.84909126242719901 0.50447464424019428 0.17874535754865259 -0.0010946000607329415 -0.048406366780454069 -0.036138299526236019 -0.016501001394471852 -0.0054568698668879308 -0.0013795662078085287 -0.0002732631773924944 -4.2981120263486995e-05 -5.4123173543761172e-06 -5.485790409820894e-07 -4.4924095908916089e-08 -2.9805305411363834e-09 -1.6053816427886318e-10 -7.0311661158438853e-12 -2.5072058960938019e-13 -7.2863353085742334e-15 -1.7272203103157137e-16 -3.3420056861349157e-18 -5.2813000360617621e-20 -6.8196776447610079e-22 -7.1988078603921763e-24 -6.2142734218137575e-26 0 0 0 0 0 0 0 0 0 0 0 0 0 0 0 0 0 0 0 0 0 0 0 0 0 0 0 0 0 0 0 0 0 0 0 0 0 0 0 0 0 0 0 0 0 0 0 0 0 0 -6.2142734218137575e-26 -7.1988078603921763e-24 -6.8196776447610079e-22 -5.2813000360616899e-20 -3.342005686134893e-18 -1.7272203103156898e-16 -7.286335308574033e-15 -2.5072058960938019e-13 -7.0311661158438853e-12 -1.6053816427886318e-10 -2.9805305411363631e-09 -4.4924095908915791e-08 -5.485790409820839e-07 -5.4123173543760732e-06 -4.2981120263487212e-05 -0.0002732631773924944 -0.0013795662078085287 -0.0054568698668879308 -0.016501001394471852 -0.036138299526235949 -0.048406366780454083 -0.0010946000607329415 0.17874535754865167 0.50447464424019295 0.84909126242719901 1 0.84909126242719901 0.50447464424019428 0.17874535754865259 -0.0010946000607329415 -0.048406366780454069 -0.036138299526236019 -0.016501001394471852 -0.0054568698668879308 -0.0013795662078085287 -0.0002732631773924944 -4.2981120263486995e-05 -5.4123173543761172e-06 -5.485790409820894e-07 -4.4924095908916089e-08 -2.9805305411363834e-09 -1.6053816427886318e-10 -7.0311661158438853e-12 -2.5072058960938019e-13 -7.2863353085742334e-15 -1.7272203103157137e-16 -3.3420056861349157e-18 -5.2813000360617621e-20 -6.8196776447610079e-22 -7.1988078603921763e-24 -6.2142734218137575e-26 0 0 0 0 0 0 0 0 0 0 0 0 0 0 0 0 0 0 0 0 0 0 0 0 0 0 0 0 0 0 0 0 0 0 0 0 0 0 0 0 0 0 0 0 0 0 0 0 0 0 -6.2142734218137575e-26 -7.1988078603921763e-24 -6.8196776447610079e-22 -5.2813000360616899e-20 -3.342005686134893e-18 -1.7272203103156898e-16 -7.286335308574033e-15 -2.5072058960938019e-13 -7.0311661158438853e-12 -1.6053816427886318e-10 -2.9805305411363631e-09 -4.4924095908915791e-08 -5.485790409820839e-07 -5.4123173543760732e-06 -4.2981120263487212e-05 -0.0002732631773924944 -0.0013795662078085287 -0.0054568698668879308 -0.016501001394471852 -0.036138299526235949 -0.048406366780454083 -0.0010946000607329415 0.17874535754865167 0.50447464424019295 0.84909126242719901 1 0.84909126242719901 0.50447464424019428 0.17874535754865259 -0.0010946000607329415 -0.048406366780454069 -0.036138299526236019 -0.016501001394471852 -0.0054568698668879308 -0.0013795662078085287 -0.0002732631773924944 -4.2981120263486995e-05 -5.4123173543761172e-06 -5.485790409820894e-07 -4.4924095908916089e-08 -2.9805305411363834e-09 -1.6053816427886318e-10 -7.0311661158438853e-12 -2.5072058960938019e-13 -7.2863353085742334e-15 -1.7272203103157137e-16 -3.3420056861349157e-18 -5.2813000360617621e-20 -6.8196776447610079e-22 -7.1988078603921763e-24 -6.2142734218137575e-26 0 0 0 0 0 0 0 0 0 0 0 0 0 0 0 0 0 0 0 0 0 0 0 0 0 0 0 0 0 0 0 0 0 0 0 0 0 0 0 0 0 0 0 0 0 0 0 0 0 0 -6.2142734218137575e-26 -7.1988078603921763e-24 -6.8196776447610079e-22 -5.2813000360616899e-20 -3.342005686134893e-18 -1.7272203103156898e-16 -7.286335308574033e-15 -2.5072058960938019e-13 -7.0311661158438853e-12 -1.6053816427886318e-10 -2.9805305411363631e-09 -4.4924095908915791e-08 -5.485790409820839e-07 -5.4123173543760732e-06 -4.2981120263487212e-05 -0.0002732631773924944 -0.0013795662078085287 -0.0054568698668879308 -0.016501001394471852 -0.036138299526235949 -0.048406366780454083 -0.0010946000607329415 0.17874535754865167 0.50447464424019295 0.84909126242719901 1 0.84909126242719901 0.50447464424019428 0.17874535754865259 -0.0010946000607329415 -0.048406366780454069 -0.036138299526236019 -0.016501001394471852 -0.0054568698668879308 -0.0013795662078085287 -0.0002732631773924944 -4.2981120263486995e-05 -5.4123173543761172e-06 -5.485790409820894e-07 -4.4924095908916089e-08 -2.9805305411363834e-09 -1.6053816427886318e-10 -7.0311661158438853e-12 -2.5072058960938019e-13 -7.2863353085742334e-15 -1.7272203103157137e-16 -3.3420056861349157e-18 -5.2813000360617621e-20 -6.8196776447610079e-22 -7.1988078603921763e-24 -6.2142734218137575e-26 0 0 0 0 0 0 0 0 0 0 0 0 0 0 0 0 0 0 0 0 0 0 0 0 0 0 0 0 0 0 0 0 0 0 0 0 0 0 0 0 0 0 0 0 0 0 0 0 0 0 -6.2142734218137575e-26 -7.1988078603921763e-24 -6.8196776447610079e-22 -5.2813000360616899e-20 -3.342005686134893e-18 -1.7272203103156898e-16 -7.286335308574033e-15 -2.5072058960938019e-13 -7.0311661158438853e-12 -1.6053816427886318e-10 -2.9805305411363631e-09 -4.4924095908915791e-08 -5.485790409820839e-07 -5.4123173543760732e-06 -4.2981120263487212e-05 -0.0002732631773924944 -0.0013795662078085287 -0.0054568698668879308 -0.016501001394471852 -0.036138299526235949 -0.048406366780454083 -0.0010946000607329415 0.17874535754865167 0.50447464424019295 0.84909126242719901 1 0.84909126242719901 0.50447464424019428 0.17874535754865259 -0.0010946000607329415 -0.048406366780454069 -0.036138299526236019 -0.016501001394471852 -0.0054568698668879308 -0.0013795662078085287 -0.0002732631773924944 -4.2981120263486995e-05 -5.4123173543761172e-06 -5.485790409820894e-07 -4.4924095908916089e-08 -2.9805305411363834e-09 -1.6053816427886318e-10 -7.0311661158438853e-12 -2.5072058960938019e-13 -7.2863353085742334e-15 -1.7272203103157137e-16 -3.3420056861349157e-18 -5.2813000360617621e-20 -6.8196776447610079e-22 -7.1988078603921763e-24 -6.2142734218137575e-26 0 0 0 0 0 0 0 0 0 0 0 0 0 0 0 0 0 0 0 0 0 0 0 0 0 0 0 0 0 0 0 0 0 0 0 0 0 0 0 0 0 0 0 0 0 0 0 0 0 0 -6.2142734218137575e-26 -7.1988078603921763e-24 -6.8196776447610079e-22 -5.2813000360616899e-20 -3.342005686134893e-18 -1.7272203103156898e-16 -7.286335308574033e-15 -2.5072058960938019e-13 -7.0311661158438853e-12 -1.6053816427886318e-10 -2.9805305411363631e-09 -4.4924095908915791e-08 -5.485790409820839e-07 -5.4123173543760732e-06 -4.2981120263487212e-05 -0.0002732631773924944 -0.0013795662078085287 -0.0054568698668879308 -0.016501001394471852 -0.036138299526235949 -0.048406366780454083 -0.0010946000607329415 0.17874535754865167 0.50447464424019295 0.84909126242719901 1 0.84909126242719901 0.50447464424019428 0.17874535754865259 -0.0010946000607329415 -0.048406366780454069 -0.036138299526236019 -0.016501001394471852 -0.0054568698668879308 -0.0013795662078085287 -0.0002732631773924944 -4.2981120263486995e-05 -5.4123173543761172e-06 -5.485790409820894e-07 -4.4924095908916089e-08 -2.9805305411363834e-09 -1.6053816427886318e-10 -7.0311661158438853e-12 -2.5072058960938019e-13 -7.2863353085742334e-15 -1.7272203103157137e-16 -3.3420056861349157e-18 -5.2813000360617621e-20 -6.8196776447610079e-22 -7.1988078603921763e-24 -6.2142734218137575e-26 0 0 0 0 0 0 0 0 0 0 0 0 0 0 0 0 0 0 0 0 0 0 0 0 0 0 0 0 0 0 0 0 0 0 0 0 0 0 0 0 0 0 0 0 0 0 0 0 0 0 -6.2142734218137575e-26 -7.1988078603921763e-24 -6.8196776447610079e-22 -5.2813000360616899e-20 -3.342005686134893e-18 -1.7272203103156898e-16 -7.286335308574033e-15 -2.5072058960938019e-13 -7.0311661158438853e-12 -1.6053816427886318e-10 -2.9805305411363631e-09 -4.4924095908915791e-08 -5.485790409820839e-07 -5.4123173543760732e-06 -4.2981120263487212e-05 -0.0002732631773924944 -0.0013795662078085287 -0.0054568698668879308 -0.016501001394471852 -0.036138299526235949 -0.048406366780454083 -0.0010946000607329415 0.17874535754865167 0.50447464424019295 0.84909126242719901 1 0.84909126242719901 0.50447464424019428 0.17874535754865259 -0.0010946000607329415 -0.048406366780454069 -0.036138299526236019 -0.016501001394471852 -0.0054568698668879308 -0.0013795662078085287 -0.0002732631773924944 -4.2981120263486995e-05 -5.4123173543761172e-06 -5.485790409820894e-07 -4.4924095908916089e-08 -2.9805305411363834e-09 -1.6053816427886318e-10 -7.0311661158438853e-12 -2.5072058960938019e-13 -7.2863353085742334e-15 -1.7272203103157137e-16 -3.3420056861349157e-18 -5.2813000360617621e-20 -6.8196776447610079e-22 -7.1988078603921763e-24 -6.2142734218137575e-26 0 0 0 0 0 0 0 0 0 0 0 0 0 0 0 0 0 0 0 0 0 0 0 0 0 0 0 0 0 0 0 0 0 0 0 0 0 0 0 0 0 0 0 0 0 0 0 0 0 0 -6.2142734218137575e-26 -7.1988078603921763e-24 -6.8196776447610079e-22 -5.2813000360616899e-20 -3.342005686134893e-18 -1.7272203103156898e-16 -7.286335308574033e-15 -2.5072058960938019e-13 -7.0311661158438853e-12 -1.6053816427886318e-10 -2.9805305411363631e-09 -4.4924095908915791e-08 -5.485790409820839e-07 -5.4123173543760732e-06 -4.2981120263487212e-05 -0.0002732631773924944 -0.0013795662078085287 -0.0054568698668879308 -0.016501001394471852 -0.036138299526235949 -0.048406366780454083 -0.0010946000607329415 0.17874535754865167 0.50447464424019295 0.84909126242719901 1 0.84909126242719901 0.50447464424019428 0.17874535754865259 -0.0010946000607329415 -0.048406366780454069 -0.036138299526236019 -0.016501001394471852 -0.0054568698668879308 -0.0013795662078085287 -0.0002732631773924944 -4.2981120263486995e-05 -5.4123173543761172e-06 -5.485790409820894e-07 -4.4924095908916089e-08 -2.9805305411363834e-09 -1.6053816427886318e-10 -7.0311661158438853e-12 -2.5072058960938019e-13 -7.2863353085742334e-15 -1.7272203103157137e-16 -3.3420056861349157e-18 -5.2813000360617621e-20 -6.8196776447610079e-22 -7.1988078603921763e-24 -6.2142734218137575e-26 0 0 0 0 0 0 0 0 0 0 0 0 0 0 0 0 0 0 0 0 0 0 0 0 0 0 0 0 0 0 0 0 0 0 0 0 0 0 0 0 0 0 0 0 0 0 0 0 0 0 -6.2142734218137575e-26 -7.1988078603921763e-24 -6.8196776447610079e-22 -5.2813000360616899e-20 -3.342005686134893e-18 -1.7272203103156898e-16 -7.286335308574033e-15 -2.5072058960938019e-13 -7.0311661158438853e-12 -1.6053816427886318e-10 -2.9805305411363631e-09 -4.4924095908915791e-08 -5.485790409820839e-07 -5.4123173543760732e-06 -4.2981120263487212e-05 -0.0002732631773924944 -0.0013795662078085287 -0.0054568698668879308 -0.016501001394471852 -0.036138299526235949 -0.048406366780454083 -0.0010946000607329415 0.17874535754865167 0.50447464424019295 0.84909126242719901 1 0.84909126242719901 0.50447464424019428 0.17874535754865259 -0.0010946000607329415 -0.048406366780454069 -0.036138299526236019 -0.016501001394471852 -0.0054568698668879308 -0.0013795662078085287 -0.0002732631773924944 -4.2981120263486995e-05 -5.4123173543761172e-06 -5.485790409820894e-07 -4.4924095908916089e-08 -2.9805305411363834e-09 -1.6053816427886318e-10 -7.0311661158438853e-12 -2.5072058960938019e-13 -7.2863353085742334e-15 -1.7272203103157137e-16 -3.3420056861349157e-18 -5.2813000360617621e-20 -6.8196776447610079e-22 -7.1988078603921763e-24 -6.2142734218137575e-26 0 0 0 0 0 0 0 0 0 0 0 0 0 0 0 0 0 0 0 0 0 0 0 0 0 0 0 0 0 0 0 0 0 0 0 0 0 0 0 0 0 0 0 0 0 0 0 0 0 0 -6.2142734218137575e-26 -7.1988078603921763e-24 -6.8196776447610079e-22 -5.2813000360616899e-20 -3.342005686134893e-18 -1.7272203103156898e-16 -7.286335308574033e-15 -2.5072058960938019e-13 -7.0311661158438853e-12 -1.6053816427886318e-10 -2.9805305411363631e-09 -4.4924095908915791e-08 -5.485790409820839e-07 -5.4123173543760732e-06 -4.2981120263487212e-05 -0.0002732631773924944 -0.0013795662078085287 -0.0054568698668879308 -0.016501001394471852 -0.036138299526235949 -0.048406366780454083 -0.0010946000607329415 0.17874535754865167 0.50447464424019295 0.84909126242719901 1 0.84909126242719901 0.50447464424019428 0.17874535754865259 -0.0010946000607329415 -0.048406366780454069 -0.036138299526236019 -0.016501001394471852 -0.0054568698668879308 -0.0013795662078085287 -0.0002732631773924944 -4.2981120263486995e-05 -5.4123173543761172e-06 -5.485790409820894e-07 -4.4924095908916089e-08 -2.9805305411363834e-09 -1.6053816427886318e-10 -7.0311661158438853e-12 -2.5072058960938019e-13 -7.2863353085742334e-15 -1.7272203103157137e-16 -3.3420056861349157e-18 -5.2813000360617621e-20 -6.8196776447610079e-22 -7.1988078603921763e-24 -6.2142734218137575e-26 0 0 0 0 0 0 0 0 0 0 0 0 0 0 0 0 0 0 0 0 0 0 0 0 0 0 0 0 0 0 0 0 0 0 0 0 0 0 0 0 0 0 0 0 0 0 0 0 0 0 -6.2142734218137575e-26 -7.1988078603921763e-24 -6.8196776447610079e-22 -5.2813000360616899e-20 -3.342005686134893e-18 -1.7272203103156898e-16 -7.286335308574033e-15 -2.5072058960938019e-13 -7.0311661158438853e-12 -1.6053816427886318e-10 -2.9805305411363631e-09 -4.4924095908915791e-08 -5.485790409820839e-07 -5.4123173543760732e-06 -4.2981120263487212e-05 -0.0002732631773924944 -0.0013795662078085287 -0.0054568698668879308 -0.016501001394471852 -0.036138299526235949 -0.048406366780454083 -0.0010946000607329415 0.17874535754865167 0.50447464424019295 0.84909126242719901 1 0.84909126242719901 0.50447464424019428 0.17874535754865259 -0.0010946000607329415 -0.048406366780454069 -0.036138299526236019 -0.016501001394471852 -0.0054568698668879308 -0.0013795662078085287 -0.0002732631773924944 -4.2981120263486995e-05 -5.4123173543761172e-06 -5.485790409820894e-07 -4.4924095908916089e-08 -2.9805305411363834e-09 -1.6053816427886318e-10 -7.0311661158438853e-12 -2.5072058960938019e-13 -7.2863353085742334e-15 -1.7272203103157137e-16 -3.3420056861349157e-18 -5.2813000360617621e-20 -6.8196776447610079e-22 -7.1988078603921763e-24 -6.2142734218137575e-26 0 0 0 0 0 0 0 0 0 0 0 0 0 0 0 0 0 0 0 0 0 0 0 0 0 0 0 0 0 0 0 0 0 0 0 0 0 0 0 0 0 0 0 0 0 0 0 0 0 0 -6.2142734218137575e-26 -7.1988078603921763e-24 -6.8196776447610079e-22 -5.2813000360616899e-20 -3.342005686134893e-18 -1.7272203103156898e-16 -7.286335308574033e-15 -2.5072058960938019e-13 -7.0311661158438853e-12 -1.6053816427886318e-10 -2.9805305411363631e-09 -4.4924095908915791e-08 -5.485790409820839e-07 -5.4123173543760732e-06 -4.2981120263487212e-05 -0.0002732631773924944 -0.0013795662078085287 -0.0054568698668879308 -0.016501001394471852 -0.036138299526235949 -0.048406366780454083 -0.0010946000607329415 0.17874535754865167 0.50447464424019295 0.84909126242719901 1 0.84909126242719901 0.50447464424019428 0.17874535754865259 -0.0010946000607329415 -0.048406366780454069 -0.036138299526236019 -0.016501001394471852 -0.0054568698668879308 -0.0013795662078085287 -0.0002732631773924944 -4.2981120263486995e-05 -5.4123173543761172e-06 -5.485790409820894e-07 -4.4924095908916089e-08 -2.9805305411363834e-09 -1.6053816427886318e-10 -7.0311661158438853e-12 -2.5072058960938019e-13 -7.2863353085742334e-15 -1.7272203103157137e-16 -3.3420056861349157e-18 -5.2813000360617621e-20 -6.8196776447610079e-22 -7.1988078603921763e-24 -6.2142734218137575e-26 0 0 0 0 0 0 0 0 0 0 0 0 0 0 0 0 0 0 0 0 0 0 0 0 0 0 0 0 0 0 0 0 0 0 0 0 0 0 0 0 0 0 0 0 0 0 0 0 0 0 -6.2142734218137575e-26 -7.1988078603921763e-24 -6.8196776447610079e-22 -5.2813000360616899e-20 -3.342005686134893e-18 -1.7272203103156898e-16 -7.286335308574033e-15 -2.5072058960938019e-13 -7.0311661158438853e-12 -1.6053816427886318e-10 -2.9805305411363631e-09 -4.4924095908915791e-08 -5.485790409820839e-07 -5.4123173543760732e-06 -4.2981120263487212e-05 -0.0002732631773924944 -0.0013795662078085287 -0.0054568698668879308 -0.016501001394471852 -0.036138299526235949 -0.048406366780454083 -0.0010946000607329415 0.17874535754865167 0.50447464424019295 0.84909126242719901 1 0.84909126242719901 0.50447464424019428 0.17874535754865259 -0.0010946000607329415 -0.048406366780454069 -0.036138299526236019 -0.016501001394471852 -0.0054568698668879308 -0.0013795662078085287 -0.0002732631773924944 -4.2981120263486995e-05 -5.4123173543761172e-06 -5.485790409820894e-07 -4.4924095908916089e-08 -2.9805305411363834e-09 -1.6053816427886318e-10 -7.0311661158438853e-12 -2.5072058960938019e-13 -7.2863353085742334e-15 -1.7272203103157137e-16 -3.3420056861349157e-18 -5.2813000360617621e-20 -6.8196776447610079e-22 -7.1988078603921763e-24 -6.2142734218137575e-26 0 0 0 0 0 0 0 0 0 0 0 0 0 0 0 0 0 0 0 0 0 0 0 0 0 0 0 0 0 0 0 0 0 0 0 0 0 0 0 0 0 0 0 0 0 0 0 0 0 0 -6.2142734218137575e-26 -7.1988078603921763e-24 -6.8196776447610079e-22 -5.2813000360616899e-20 -3.342005686134893e-18 -1.7272203103156898e-16 -7.286335308574033e-15 -2.5072058960938019e-13 -7.0311661158438853e-12 -1.6053816427886318e-10 -2.9805305411363631e-09 -4.4924095908915791e-08 -5.485790409820839e-07 -5.4123173543760732e-06 -4.2981120263487212e-05 -0.0002732631773924944 -0.0013795662078085287 -0.0054568698668879308 -0.016501001394471852 -0.036138299526235949 -0.048406366780454083 -0.0010946000607329415 0.17874535754865167 0.50447464424019295 0.84909126242719901 1 0.84909126242719901 0.50447464424019428 0.17874535754865259 -0.0010946000607329415 -0.048406366780454069 -0.036138299526236019 -0.016501001394471852 -0.0054568698668879308 -0.0013795662078085287 -0.0002732631773924944 -4.2981120263486995e-05 -5.4123173543761172e-06 -5.485790409820894e-07 -4.4924095908916089e-08 -2.9805305411363834e-09 -1.6053816427886318e-10 -7.0311661158438853e-12 -2.5072058960938019e-13 -7.2863353085742334e-15 -1.7272203103157137e-16 -3.3420056861349157e-18 -5.2813000360617621e-20 -6.8196776447610079e-22 -7.1988078603921763e-24 -6.2142734218137575e-26 0 0 0 0 0 0 0 0 0 0 0 0 0 0 0 0 0 0 0 0 0 0 0 0 0 0 0 0 0 0 0 0 0 0 0 0 0 0 0 0 0 0 0 0 0 0 0 0 0 0 -6.2142734218137575e-26 -7.1988078603921763e-24 -6.8196776447610079e-22 -5.2813000360616899e-20 -3.342005686134893e-18 -1.7272203103156898e-16 -7.286335308574033e-15 -2.5072058960938019e-13 -7.0311661158438853e-12 -1.6053816427886318e-10 -2.9805305411363631e-09 -4.4924095908915791e-08 -5.485790409820839e-07 -5.4123173543760732e-06 -4.2981120263487212e-05 -0.0002732631773924944 -0.0013795662078085287 -0.0054568698668879308 -0.016501001394471852 -0.036138299526235949 -0.048406366780454083 -0.0010946000607329415 0.17874535754865167 0.50447464424019295 0.84909126242719901 1 0.84909126242719901 0.50447464424019428 0.17874535754865259 -0.0010946000607329415 -0.048406366780454069 -0.036138299526236019 -0.016501001394471852 -0.0054568698668879308 -0.0013795662078085287 -0.0002732631773924944 -4.2981120263486995e-05 -5.4123173543761172e-06 -5.485790409820894e-07 -4.4924095908916089e-08 -2.9805305411363834e-09 -1.6053816427886318e-10 -7.0311661158438853e-12 -2.5072058960938019e-13 -7.2863353085742334e-15 -1.7272203103157137e-16 -3.3420056861349157e-18 -5.2813000360617621e-20 -6.8196776447610079e-22 -7.1988078603921763e-24 -6.2142734218137575e-26 0 0 0 0 0 0 0 0 0 0 0 0 0 0 0 0 0 0 0 0 0 0 0 0 0 0 0 0 0 0 0 0 0 0 0 0 0 0 0 0 0 0 0 0 0 0 0 0 0 0 -6.2142734218137575e-26 -7.1988078603921763e-24 -6.8196776447610079e-22 -5.2813000360616899e-20 -3.342005686134893e-18 -1.7272203103156898e-16 -7.286335308574033e-15 -2.5072058960938019e-13 -7.0311661158438853e-12 -1.6053816427886318e-10 -2.9805305411363631e-09 -4.4924095908915791e-08 -5.485790409820839e-07 -5.4123173543760732e-06 -4.2981120263487212e-05 -0.0002732631773924944 -0.0013795662078085287 -0.0054568698668879308 -0.016501001394471852 -0.036138299526235949 -0.048406366780454083 -0.0010946000607329415 0.17874535754865167 0.50447464424019295 0.84909126242719901 1 0.84909126242719901 0.50447464424019428 0.17874535754865259 -0.0010946000607329415 -0.048406366780454069 -0.036138299526236019 -0.016501001394471852 -0.0054568698668879308 -0.0013795662078085287 -0.0002732631773924944 -4.2981120263486995e-05 -5.4123173543761172e-06 -5.485790409820894e-07 -4.4924095908916089e-08 -2.9805305411363834e-09 -1.6053816427886318e-10 -7.0311661158438853e-12 -2.5072058960938019e-13 -7.2863353085742334e-15 -1.7272203103157137e-16 -3.3420056861349157e-18 -5.2813000360617621e-20 -6.8196776447610079e-22 -7.1988078603921763e-24 -6.2142734218137575e-26 0 0 0 0 0 0 0 0 0 0 0 0 0 0 0 0 0 0 0 0 0 0 0 0 0 0 0 0 0 0 0 0 0 0 0 0 0 0 0 0 0 0 0 0 0 0 0 0 0 0 -6.2142734218137575e-26 -7.1988078603921763e-24 -6.8196776447610079e-22 -5.2813000360616899e-20 -3.342005686134893e-18 -1.7272203103156898e-16 -7.286335308574033e-15 -2.5072058960938019e-13 -7.0311661158438853e-12 -1.6053816427886318e-10 -2.9805305411363631e-09 -4.4924095908915791e-08 -5.485790409820839e-07 -5.4123173543760732e-06 -4.2981120263487212e-05 -0.0002732631773924944 -0.0013795662078085287 -0.0054568698668879308 -0.016501001394471852 -0.036138299526235949 -0.048406366780454083 -0.0010946000607329415 0.17874535754865167 0.50447464424019295 0.84909126242719901 1 0.84909126242719901 0.50447464424019428 0.17874535754865259 -0.0010946000607329415 -0.048406366780454069 -0.036138299526236019 -0.016501001394471852 -0.0054568698668879308 -0.0013795662078085287 -0.0002732631773924944 -4.2981120263486995e-05 -5.4123173543761172e-06 -5.485790409820894e-07 -4.4924095908916089e-08 -2.9805305411363834e-09 -1.6053816427886318e-10 -7.0311661158438853e-12 -2.5072058960938019e-13 -7.2863353085742334e-15 -1.7272203103157137e-16 -3.3420056861349157e-18 -5.2813000360617621e-20 -6.8196776447610079e-22 -7.1988078603921763e-24 -6.2142734218137575e-26 0 0 0 0 0 0 0 0 0 0 0 0 0 0 0 0 0 0 0 0 0 0 0 0 0 0 0 0 0 0 0 0 0 0 0 0 0 0 0 0 0 0 0 0 0 0 0 0 0 0 -6.2142734218137575e-26 -7.1988078603921763e-24 -6.8196776447610079e-22 -5.2813000360616899e-20 -3.342005686134893e-18 -1.7272203103156898e-16 -7.286335308574033e-15 -2.5072058960938019e-13 -7.0311661158438853e-12 -1.6053816427886318e-10 -2.9805305411363631e-09 -4.4924095908915791e-08 -5.485790409820839e-07 -5.4123173543760732e-06 -4.2981120263487212e-05 -0.0002732631773924944 -0.0013795662078085287 -0.0054568698668879308 -0.016501001394471852 -0.036138299526235949 -0.048406366780454083 -0.0010946000607329415 0.17874535754865167 0.50447464424019295 0.84909126242719901 1 0.84909126242719901 0.50447464424019428 0.17874535754865259 -0.0010946000607329415 -0.048406366780454069 -0.036138299526236019 -0.016501001394471852 -0.0054568698668879308 -0.0013795662078085287 -0.0002732631773924944 -4.2981120263486995e-05 -5.4123173543761172e-06 -5.485790409820894e-07 -4.4924095908916089e-08 -2.9805305411363834e-09 -1.6053816427886318e-10 -7.0311661158438853e-12 -2.5072058960938019e-13 -7.2863353085742334e-15 -1.7272203103157137e-16 -3.3420056861349157e-18 -5.2813000360617621e-20 -6.8196776447610079e-22 -7.1988078603921763e-24 -6.2142734218137575e-26 0 0 0 0 0 0 0 0 0 0 0 0 0 0 0 0 0 0 0 0 0 0 0 0 0 0 0 0 0 0 0 0 0 0 0 0 0 0 0 0 0 0 0 0 0 0 0 0 0 0 -6.2142734218137575e-26 -7.1988078603921763e-24 -6.8196776447610079e-22 -5.2813000360616899e-20 -3.342005686134893e-18 -1.7272203103156898e-16 -7.286335308574033e-15 -2.5072058960938019e-13 -7.0311661158438853e-12 -1.6053816427886318e-10 -2.9805305411363631e-09 -4.4924095908915791e-08 -5.485790409820839e-07 -5.4123173543760732e-06 -4.2981120263487212e-05 -0.0002732631773924944 -0.0013795662078085287 -0.0054568698668879308 -0.016501001394471852 -0.036138299526235949 -0.048406366780454083 -0.0010946000607329415 0.17874535754865167 0.50447464424019295 0.84909126242719901 1 0.84909126242719901 0.50447464424019428 0.17874535754865259 -0.0010946000607329415 -0.048406366780454069 -0.036138299526236019 -0.016501001394471852 -0.0054568698668879308 -0.0013795662078085287 -0.0002732631773924944 -4.2981120263486995e-05 -5.4123173543761172e-06 -5.485790409820894e-07 -4.4924095908916089e-08 -2.9805305411363834e-09 -1.6053816427886318e-10 -7.0311661158438853e-12 -2.5072058960938019e-13 -7.2863353085742334e-15 -1.7272203103157137e-16 -3.3420056861349157e-18 -5.2813000360617621e-20 -6.8196776447610079e-22 -7.1988078603921763e-24 -6.2142734218137575e-26 0 0 0 0 0 0 0 0 0 0 0 0 0 0 0 0 0 0 0 0 0 0 0 0 0 0 0 0 0 0 0 0 0 0 0 0 0 0 0 0 0 0 0 0 0 0 0 0 0 0 -6.2142734218137575e-26 -7.1988078603921763e-24 -6.8196776447610079e-22 -5.2813000360616899e-20 -3.342005686134893e-18 -1.7272203103156898e-16 -7.286335308574033e-15 -2.5072058960938019e-13 -7.0311661158438853e-12 -1.6053816427886318e-10 -2.9805305411363631e-09 -4.4924095908915791e-08 -5.485790409820839e-07 -5.4123173543760732e-06 -4.2981120263487212e-05 -0.0002732631773924944 -0.0013795662078085287 -0.0054568698668879308 -0.016501001394471852 -0.036138299526235949 -0.048406366780454083 -0.0010946000607329415 0.17874535754865167 0.50447464424019295 0.84909126242719901 1 0.84909126242719901 0.50447464424019428 0.17874535754865259 -0.0010946000607329415 -0.048406366780454069 -0.036138299526236019 -0.016501001394471852 -0.0054568698668879308 -0.0013795662078085287 -0.0002732631773924944 -4.2981120263486995e-05 -5.4123173543761172e-06 -5.485790409820894e-07 -4.4924095908916089e-08 -2.9805305411363834e-09 -1.6053816427886318e-10 -7.0311661158438853e-12 -2.5072058960938019e-13 -7.2863353085742334e-15 -1.7272203103157137e-16 -3.3420056861349157e-18 -5.2813000360617621e-20 -6.8196776447610079e-22 -7.1988078603921763e-24 -6.2142734218137575e-26 0 0 0 0 0 0 0 0 0 0 0 0 0 0 0 0 0 0 0 0 0 0 0 0 0 0 0 0 0 0 0 0 0 0 0 0 0 0 0 0 0 0 0 0 0 0 0 0 0 0 -6.2142734218137575e-26 -7.1988078603921763e-24 -6.8196776447610079e-22 -5.2813000360616899e-20 -3.342005686134893e-18 -1.7272203103156898e-16 -7.286335308574033e-15 -2.5072058960938019e-13 -7.0311661158438853e-12 -1.6053816427886318e-10 -2.9805305411363631e-09 -4.4924095908915791e-08 -5.485790409820839e-07 -5.4123173543760732e-06 -4.2981120263487212e-05 -0.0002732631773924944 -0.0013795662078085287 -0.0054568698668879308 -0.016501001394471852 -0.036138299526235949 -0.048406366780454083 -0.0010946000607329415 0.17874535754865167 0.50447464424019295 0.84909126242719901 1 0.84909126242719901 0.50447464424019428 0.17874535754865259 -0.0010946000607329415 -0.048406366780454069 -0.036138299526236019 -0.016501001394471852 -0.0054568698668879308 -0.0013795662078085287 -0.0002732631773924944 -4.2981120263486995e-05 -5.4123173543761172e-06 -5.485790409820894e-07 -4.4924095908916089e-08 -2.9805305411363834e-09 -1.6053816427886318e-10 -7.0311661158438853e-12 -2.5072058960938019e-13 -7.2863353085742334e-15 -1.7272203103157137e-16 -3.3420056861349157e-18 -5.2813000360617621e-20 -6.8196776447610079e-22 -7.1988078603921763e-24 -6.2142734218137575e-26 0 0 0 0 0 0 0 0 0 0 0 0 0 0 0 0 0 0 0 0 0 0 0 0 0 0 0 0 0 0 0 0 0 0 0 0 0 0 0 0 0 0 0 0 0 0 0 0 0 0 -6.2142734218137575e-26 -7.1988078603921763e-24 -6.8196776447610079e-22 -5.2813000360616899e-20 -3.342005686134893e-18 -1.7272203103156898e-16 -7.286335308574033e-15 -2.5072058960938019e-13 -7.0311661158438853e-12 -1.6053816427886318e-10 -2.9805305411363631e-09 -4.4924095908915791e-08 -5.485790409820839e-07 -5.4123173543760732e-06 -4.2981120263487212e-05 -0.0002732631773924944 -0.0013795662078085287 -0.0054568698668879308 -0.016501001394471852 -0.036138299526235949 -0.048406366780454083 -0.0010946000607329415 0.17874535754865167 0.50447464424019295 0.84909126242719901 1 0.84909126242719901 0.50447464424019428 0.17874535754865259 -0.0010946000607329415 -0.048406366780454069 -0.036138299526236019 -0.016501001394471852 -0.0054568698668879308 -0.0013795662078085287 -0.0002732631773924944 -4.2981120263486995e-05 -5.4123173543761172e-06 -5.485790409820894e-07 -4.4924095908916089e-08 -2.9805305411363834e-09 -1.6053816427886318e-10 -7.0311661158438853e-12 -2.5072058960938019e-13 -7.2863353085742334e-15 -1.7272203103157137e-16 -3.3420056861349157e-18 -5.2813000360617621e-20 -6.8196776447610079e-22 -7.1988078603921763e-24 -6.2142734218137575e-26 0 0 0 0 0 0 0 0 0 0 0 0 0 0 0 0 0 0 0 0 0 0 0 0 0 0 0 0 0 0 0 0 0 0 0 0 0 0 0 0 0 0 0 0 0 0 0 0 0 0 -6.2142734218137575e-26 -7.1988078603921763e-24 -6.8196776447610079e-22 -5.2813000360616899e-20 -3.342005686134893e-18 -1.7272203103156898e-16 -7.286335308574033e-15 -2.5072058960938019e-13 -7.0311661158438853e-12 -1.6053816427886318e-10 -2.9805305411363631e-09 -4.4924095908915791e-08 -5.485790409820839e-07 -5.4123173543760732e-06 -4.2981120263487212e-05 -0.0002732631773924944 -0.0013795662078085287 -0.0054568698668879308 -0.016501001394471852 -0.036138299526235949 -0.048406366780454083 -0.0010946000607329415 0.17874535754865167 0.50447464424019295 0.84909126242719901 1 0.84909126242719901 0.50447464424019428 0.17874535754865259 -0.0010946000607329415 -0.048406366780454069 -0.036138299526236019 -0.016501001394471852 -0.0054568698668879308 -0.0013795662078085287 -0.0002732631773924944 -4.2981120263486995e-05 -5.4123173543761172e-06 -5.485790409820894e-07 -4.4924095908916089e-08 -2.9805305411363834e-09 -1.6053816427886318e-10 -7.0311661158438853e-12 -2.5072058960938019e-13 -7.2863353085742334e-15 -1.7272203103157137e-16 -3.3420056861349157e-18 -5.2813000360617621e-20 -6.8196776447610079e-22 -7.1988078603921763e-24 -6.2142734218137575e-26 0 0 0 0 0 0 0 0 0 0 0 0 0 0 0 0 0 0 0 0 0 0 0 0 0 0 0 0 0 0 0 0 0 0 0 0 0 0 0 0 0 0 0 0 0 0 0 0 0 0 -6.2142734218137575e-26 -7.1988078603921763e-24 -6.8196776447610079e-22 -5.2813000360616899e-20 -3.342005686134893e-18 -1.7272203103156898e-16 -7.286335308574033e-15 -2.5072058960938019e-13 -7.0311661158438853e-12 -1.6053816427886318e-10 -2.9805305411363631e-09 -4.4924095908915791e-08 -5.485790409820839e-07 -5.4123173543760732e-06 -4.2981120263487212e-05 -0.0002732631773924944 -0.0013795662078085287 -0.0054568698668879308 -0.016501001394471852 -0.036138299526235949 -0.048406366780454083 -0.0010946000607329415 0.17874535754865167 0.50447464424019295 0.84909126242719901 1 0.84909126242719901 0.50447464424019428 0.17874535754865259 -0.0010946000607329415 -0.048406366780454069 -0.036138299526236019 -0.016501001394471852 -0.0054568698668879308 -0.0013795662078085287 -0.0002732631773924944 -4.2981120263486995e-05 -5.4123173543761172e-06 -5.485790409820894e-07 -4.4924095908916089e-08 -2.9805305411363834e-09 -1.6053816427886318e-10 -7.0311661158438853e-12 -2.5072058960938019e-13 -7.2863353085742334e-15 -1.7272203103157137e-16 -3.3420056861349157e-18 -5.2813000360617621e-20 -6.8196776447610079e-22 -7.1988078603921763e-24 -6.2142734218137575e-26 0 0 0 0 0 0 0 0 0 0 0 0 0 0 0 0 0 0 0 0 0 0 0 0 0 0 0 0 0 0 0 0 0 0 0 0 0 0 0 0 0 0 0 0 0 0 0 0 0 0 -6.2142734218137575e-26 -7.1988078603921763e-24 -6.8196776447610079e-22 -5.2813000360616899e-20 -3.342005686134893e-18 -1.7272203103156898e-16 -7.286335308574033e-15 -2.5072058960938019e-13 -7.0311661158438853e-12 -1.6053816427886318e-10 -2.9805305411363631e-09 -4.4924095908915791e-08 -5.485790409820839e-07 -5.4123173543760732e-06 -4.2981120263487212e-05 -0.0002732631773924944 -0.0013795662078085287 -0.0054568698668879308 -0.016501001394471852 -0.036138299526235949 -0.048406366780454083 -0.0010946000607329415 0.17874535754865167 0.50447464424019295 0.84909126242719901 1 0.84909126242719901 0.50447464424019428 0.17874535754865259 -0.0010946000607329415 -0.048406366780454069 -0.036138299526236019 -0.016501001394471852 -0.0054568698668879308 -0.0013795662078085287 -0.0002732631773924944 -4.2981120263486995e-05 -5.4123173543761172e-06 -5.485790409820894e-07 -4.4924095908916089e-08 -2.9805305411363834e-09 -1.6053816427886318e-10 -7.0311661158438853e-12 -2.5072058960938019e-13 -7.2863353085742334e-15 -1.7272203103157137e-16 -3.3420056861349157e-18 -5.2813000360617621e-20 -6.8196776447610079e-22 -7.1988078603921763e-24 -6.2142734218137575e-26 0 0 0 0 0 0 0 0 0 0 0 0 0 0 0 0 0 0 0 0 0 0 0 0 0 0 0 0 0 0 0 0 0 0 0 0 0 0 0 0 0 0 0 0 0 0 0 0 0 0 -6.2142734218137575e-26 -7.1988078603921763e-24 -6.8196776447610079e-22 -5.2813000360616899e-20 -3.342005686134893e-18 -1.7272203103156898e-16 -7.286335308574033e-15 -2.5072058960938019e-13 -7.0311661158438853e-12 -1.6053816427886318e-10 -2.9805305411363631e-09 -4.4924095908915791e-08 -5.485790409820839e-07 -5.4123173543760732e-06 -4.2981120263487212e-05 -0.0002732631773924944 -0.0013795662078085287 -0.0054568698668879308 -0.016501001394471852 -0.036138299526235949 -0.048406366780454083 -0.0010946000607329415 0.17874535754865167 0.50447464424019295 0.84909126242719901 1 0.84909126242719901 0.50447464424019428 0.17874535754865259 -0.0010946000607329415 -0.048406366780454069 -0.036138299526236019 -0.016501001394471852 -0.0054568698668879308 -0.0013795662078085287 -0.0002732631773924944 -4.2981120263486995e-05 -5.4123173543761172e-06 -5.485790409820894e-07 -4.4924095908916089e-08 -2.9805305411363834e-09 -1.6053816427886318e-10 -7.0311661158438853e-12 -2.5072058960938019e-13 -7.2863353085742334e-15 -1.7272203103157137e-16 -3.3420056861349157e-18 -5.2813000360617621e-20 -6.8196776447610079e-22 -7.1988078603921763e-24 -6.2142734218137575e-26
